100
24491
25477
15864
25227
26425
5995
19409
8348
18804
8629
1861
6029
16377
9816
20993
31143
28164
19830
15922
12469
30013
21728
27124
7085
19668
23258
12045
20371
3791
17950
31451
24475
12195
28451
25227
28814
21506
28318
18316
7022
14581
13642
8259
25437
25130
20708
14593
17083
655
634
306
5007
21280
2534
14551
22312
19452
19094
4662
8452
29631
11662
7119
10480
14604
25775
1683
18545
2665
29497
7249
26467
8272
8079
31345
7136
11650
12858
25828
355
27039
9777
17755
2861
10740
11863
10935
21992
31892
13382
23745
15499
31146
13387
22556
13437
16141
6833
18040
13565
